SIMPLE RANDOM SEARCH
eps    |P         |N         |(x, y)                |f(x, y)   |
----------------------------------------------------------------
1      |0.1       |42        |6.53668   , 0.577184  |-6.76847  |
1      |0.4       |204       |5.81757   , 0.755746  |-8.98438  |
1      |0.7       |480       |2.71139   , -2.20983  |-9.69459  |
1      |0.9       |919       |2.82053   , -2.0093   |-10.526   |
----------------------------------------------------------------
0.1    |0.1       |4214      |3.05684   , -1.94555  |-10.7916  |
0.1    |0.4       |20432     |2.97219   , -1.9967   |-10.8362  |
0.1    |0.7       |48158     |2.95346   , -1.96567  |-10.8131  |
0.1    |0.9       |92102     |2.97504   , -2.00259  |-10.8373  |
----------------------------------------------------------------
0.01   |0.1       |421442    |3.01123   , -1.98277  |-10.8428  |
0.01   |0.4       |2043302   |3.0024    , -1.99588  |-10.8451  |
0.01   |0.7       |4815890   |3.0028    , -1.99783  |-10.845   |
0.01   |0.9       |9210339   |2.99969   , -1.99803  |-10.8449  |
----------------------------------------------------------------


GLOBAL SEARCH ¹1
eps    |calls to f|m         |(x, y)                |f(x, y)   |
----------------------------------------------------------------
1e-05  |3268      |10        |3.00199   , -1.99489  |-10.8451  |
1e-05  |10652     |20        |3.002     , -1.99489  |-10.8451  |
1e-05  |19687     |30        |3.002     , -1.99488  |-10.8451  |
1e-05  |20995     |40        |3.002     , -1.99488  |-10.8451  |
----------------------------------------------------------------
1e-06  |6337      |10        |3.002     , -1.99488  |-10.8451  |
1e-06  |6974      |20        |3.002     , -1.99488  |-10.8451  |
1e-06  |22802     |30        |3.002     , -1.99488  |-10.8451  |
1e-06  |24163     |40        |3.002     , -1.99488  |-10.8451  |
----------------------------------------------------------------
1e-07  |10109     |10        |3.002     , -1.99488  |-10.8451  |
1e-07  |22641     |20        |3.002     , -1.99488  |-10.8451  |
1e-07  |24184     |30        |3.002     , -1.99488  |-10.8451  |
1e-07  |24738     |40        |3.002     , -1.99488  |-10.8451  |
----------------------------------------------------------------
1e-08  |10689     |10        |3.002     , -1.99488  |-10.8451  |
1e-08  |8775      |20        |3.002     , -1.99488  |-10.8451  |
1e-08  |12987     |30        |3.002     , -1.99488  |-10.8451  |
1e-08  |35651     |40        |3.002     , -1.99488  |-10.8451  |
----------------------------------------------------------------


GLOBAL SEARCH ¹2
eps    |calls to f|m         |(x, y)                |f(x, y)   |
----------------------------------------------------------------
1e-05  |294       |10        |3.002     , -1.99489  |-10.8451  |
1e-05  |529       |20        |3.00199   , -1.99616  |-10.8451  |
1e-05  |264       |30        |5.99856   , -9.99647  |-7.27176  |
1e-05  |283       |40        |5.98977   , 0.989586  |-9.66507  |
----------------------------------------------------------------
1e-06  |329       |10        |5.99783   , -9.99646  |-7.27176  |
1e-06  |472       |20        |5.98977   , 0.989601  |-9.66507  |
1e-06  |287       |30        |3.002     , -1.99488  |-10.8451  |
1e-06  |588       |40        |3.002     , -1.99488  |-10.8451  |
----------------------------------------------------------------
1e-07  |466       |10        |5.98977   , 0.989592  |-9.66507  |
1e-07  |308       |20        |5.98977   , 0.989592  |-9.66507  |
1e-07  |402       |30        |5.98978   , 0.990094  |-9.66507  |
1e-07  |584       |40        |3.002     , -1.99488  |-10.8451  |
----------------------------------------------------------------
1e-08  |406       |10        |5.98977   , 0.989592  |-9.66507  |
1e-08  |357       |20        |5.98977   , 0.989592  |-9.66507  |
1e-08  |313       |30        |3.002     , -1.99488  |-10.8451  |
1e-08  |907       |40        |3.002     , -1.99503  |-10.8451  |
----------------------------------------------------------------


GLOBAL SEARCH ¹3
eps    |calls to f|m         |(x, y)                |f(x, y)   |
----------------------------------------------------------------
1e-05  |8153      |10        |3.002     , -1.99488  |-10.8451  |
1e-05  |11410     |20        |3.002     , -1.99488  |-10.8451  |
1e-05  |10641     |30        |3.002     , -1.99488  |-10.8451  |
1e-05  |16386     |40        |3.00199   , -1.99488  |-10.8451  |
----------------------------------------------------------------
1e-06  |10397     |10        |3.002     , -1.99488  |-10.8451  |
1e-06  |10374     |20        |3.002     , -1.99488  |-10.8451  |
1e-06  |7920      |30        |3.002     , -1.99488  |-10.8451  |
1e-06  |10835     |40        |3.002     , -1.99488  |-10.8451  |
----------------------------------------------------------------
1e-07  |7441      |10        |3.002     , -1.99488  |-10.8451  |
1e-07  |4576      |20        |3.002     , -1.99488  |-10.8451  |
1e-07  |19860     |30        |3.002     , -1.99488  |-10.8451  |
1e-07  |25368     |40        |3.002     , -1.99488  |-10.8451  |
----------------------------------------------------------------
1e-08  |4906      |10        |3.002     , -1.99488  |-10.8451  |
1e-08  |21267     |20        |3.002     , -1.99488  |-10.8451  |
1e-08  |17283     |30        |3.002     , -1.99488  |-10.8451  |
1e-08  |12707     |40        |3.002     , -1.99488  |-10.8451  |
