iter  a_i                 b_i                 f1                       f2                       
----------------------------------------------------------------------------------------
0     -2                  9.025               15.800625                16.200625                
1     3.4875              9.025               2.28765625               2.13890625               
2     3.4875              6.28125             1.5159765625             1.6416015625             
3     4.859375            6.28125             0.019775390625           0.0082128906249999       
4     4.859375            5.5953125           0.29736572265625         0.35439697265625         
5     4.859375            5.25234375          0.040942993164062        0.063677368164063        
6     4.859375            5.080859375         0.00095230102539065      0.0065382385253908       
7     4.9451171875        5.080859375         0.0030121231079101       2.3841857910148e-05      
8     4.9451171875        5.03798828125       0.00014428138732908      0.0014431095123292       
call to function: 18


iter  a_i                 b_i                 f1                       f2                       
----------------------------------------------------------------------------------------
0     -2                  9.0025              15.98000625              16.02000625              
1     3.49875             9.0025              2.2537515625             2.2387640625             
2     3.49875             6.253125            1.557816015625           1.570322265625           
3     4.8734375           6.253125            0.01601806640625         0.01477744140625         
4     4.8734375           5.56578125          0.31447561035156         0.32010842285156         
5     4.8734375           5.222109375         0.04713648071289         0.04933257446289         
6     4.8734375           5.0502734375        0.0020496841430664       0.0025274185180665       
7     4.95935546875       5.0502734375        0.0016519779205322       0.0012705326080322       
8     4.95935546875       5.007314453125      5.3566932678218e-06      5.3501224517832e-05      
9     4.9808349609375     5.007314453125      0.00036729872226715      0.00020064833164213      
10    4.9915747070313     5.007314453125      7.0985561609262e-05      1.173263192176e-05       
11    4.9969445800781     5.007314453125      9.3355908989898e-06      3.7813916802442e-06      
12    4.9969445800781     5.0046295166016     1.3725794851746e-07      2.1432423964154e-05      
call to function: 26


iter  a_i                 b_i                 f1                       f2                       
----------------------------------------------------------------------------------------
0     -2                  9.00025             15.9980000625            16.0020000625            
1     3.499875            9.00025             2.250375015625           2.248875140625           
2     3.499875            6.2503125           1.5620312851562          1.5632813476562          
3     4.87484375          6.2503125           0.015664086914063        0.015539180664063        
4     4.87484375          5.562828125         0.31621292016602         0.31677549829102         
5     4.87484375          5.2190859375        0.047779812072754        0.047998648010254        
6     4.87484375          5.04721484375       0.0021822766265869       0.0022292414703369       
7     4.960779296875      5.04721484375       0.0015382635536195       0.0014992928504944       
8     4.960779296875      5.0042470703125     1.4040535926809e-05      1.8037606239313e-05      
9     4.9822631835937     5.0042470703125     0.00031459465622906      0.00029710783982279      
10    4.9930051269531     5.0042470703125     4.8928248941916e-05      4.2183375895032e-05      
11    4.9983760986328     5.0042470703125     2.6370556503563e-06      1.2631542831665e-06      
12    4.9983760986328     5.0015615844727     1.1269615925825e-06      2.4385460652395e-06      
13    4.9997188415527     5.0015615844727     7.9050072469125e-08      4.789162520322e-08       
14    4.9997188415527     5.0008902130127     1.5226619527576e-07      7.9247920797089e-07      
15    4.9997188415527     5.0005545272827     2.9732245601653e-09      3.0750050727478e-07      
call to function: 32


iter  a_i                 b_i                 f1                       f2                       
----------------------------------------------------------------------------------------
0     -2                  9.000025            15.999800000625          16.000200000625          
1     3.4999875           9.000025            2.2500375001562          2.2498875014062          
2     3.4999875           6.25003125          1.5624531253516          1.5625781259766          
3     4.874984375         6.25003125          0.015628906494141        0.015616407431641        
4     4.874984375         5.5625328125        0.31638691435791         0.31644316513916         
5     4.874984375         5.21878359375       0.04784438503479         0.047866260894165        
6     4.874984375         5.046908984375      0.0021957644166565       0.002200452815094        
7     4.9609216796875     5.046908984375      0.0015271151184463       0.001523209786415        
8     4.9609216796875     5.0039403320313     1.5134683313375e-05      1.5526216516499e-05      
9     4.9824060058594     5.0039403320313     0.00030954862982034      0.00030779173040628      
10    4.9931481689453     5.0039403320313     4.6947588801967e-05      4.62649056965e-05        
11    4.9985192504883     5.0039403320313     2.1926191164543e-06      2.0470441652828e-06      
12    4.9985192504883     5.0012547912598     1.4515219796078e-06      1.5745011055841e-06      
13    4.999862020874      5.0012547912598     1.9038239205198e-08      7.7403266075831e-09      
14    4.999862020874      5.0005834060669     2.8452203220004e-07      3.4036263888937e-07      
15    4.999862020874      5.0002477134705     3.9090616400829e-08      6.1361963446643e-08      
16    4.999862020874      5.0000798671722     8.9204797768446e-10      6.3787652017841e-09      
17    4.9999459440231     5.0000798671722     2.9220486350608e-09      1.645094834772e-11       
18    4.9999459440231     5.0000379055977     1.4627456729744e-10      1.4368343360351e-09      
call to function: 38


iter  a_i                 b_i                 f1                       f2                       
----------------------------------------------------------------------------------------
0     -2                  9.0000025           15.999980000006          16.000020000006          
1     3.49999875          9.0000025           2.2500037500016          2.2499887500141          
2     3.49999875          6.250003125         1.5624953125035          1.5625078125098          
3     4.8749984375        6.250003125         0.015625390627441        0.015624140636816        
4     4.8749984375        5.56250328125       0.3164043164092          0.31640994141702         
5     4.8749984375        5.218753359375      0.047850844729254        0.047853032237848        
6     4.8749984375        5.0468783984375     0.0021971154810807       0.002197584240065        
7     4.9609359179687     5.0468783984375     0.0015260025049442       0.0015256118891239       
8     4.9609359179687     5.0039096582031     1.5246355683233e-05      1.5285427265263e-05      
9     4.9824202880859     5.0039096582031     0.00030904627098143      0.00030887049886229      
10    4.9931624731445     5.0039096582031     4.6751773499254e-05      4.6683423230702e-05      
11    4.9985335656738     5.0039096582031     2.1504296329732e-06      2.1357902897121e-06      
12    4.9985335656738     5.0012241119385     1.4862339185372e-06      1.4984500379215e-06      
13    4.9998763388062     5.0012241119385     1.52920908638e-08        1.408047892537e-08       
14    4.9998763388062     5.0005527253723     3.000030834778e-07       3.0550533720074e-07      
15    4.9998763388062     5.0002170320892     4.4957606864857e-08      4.7102927757113e-08      
16    4.9998763388062     5.0000491854477     1.9523537878035e-09      2.4192082647118e-09      
17    4.9999602621269     5.0000491854477     1.5790985567178e-09      1.2067198259566e-09      
18    4.9999602621269     5.0000072237873     4.9452299915576e-12      5.2183103069578e-11      
19    4.9999812429571     5.0000072237873     3.5182665779424e-10      1.8925622894825e-10      
20    4.9999917333722     5.0000072237873     6.8337134993971e-11      1.0670857109983e-11      
21    4.9999969785798     5.0000072237873     9.1289802680319e-12      3.9147778650484e-12      
22    4.9999969785798     5.0000046011835     1.5905457361174e-13      2.117088991113e-11       
call to function: 46


iter  a_i                 b_i                 f1                       f2                       
----------------------------------------------------------------------------------------
0     -2                  9.00000025          15.999998                16.000002                
1     3.499999875         9.00000025          2.250000375              2.2499988750001          
2     3.499999875         6.2500003125        1.56249953125            1.5625007812501          
3     4.87499984375       6.2500003125        0.015625039062525        0.015624914062618        
4     4.87499984375       5.562500328125      0.31640605664065         0.31640661914073         
5     4.87499984375       5.2187503359375     0.047851490722683        0.047851709472769        
6     4.87499984375       5.0468753398438     0.0021972506103772       0.0021972974854671       
7     4.9609373417969     5.0468753398438     0.0015258912658942       0.0015258522034859       
8     4.9609373417969     5.0039065908203     1.5257545496532e-05      1.5261451837356e-05      
9     4.9824217163086     5.0039065908203     0.00030899605753554      0.00030897847950183      
10    4.9931639035645     5.0039065908203     4.6732214476092e-05      4.6725378629649e-05      
11    4.9985349971924     5.0039065908203     2.1462332263253e-06      2.1447684735161e-06      
12    4.9985349971924     5.0012210440063     1.489727671433e-06       1.4909484654406e-06      
13    4.9998777705994     5.0012210440063     1.4940026379293e-08      1.4818046978534e-08      
14    4.9998777705994     5.0005496573029     3.0157374328152e-07      3.0212315058495e-07      
15    4.9998777705994     5.0002139639511     4.5566858424248e-08      4.578057237558e-08       
16    4.9998777705994     5.0000461172752     2.0809358002303e-09      2.1268030755167e-09      
17    4.9999616939373     5.0000461172752     1.4673544394105e-09      1.4292983766738e-09      
18    4.9999616939373     5.0000041556063     1.3363457202261e-11      1.726906347667e-11       
19    4.9999826747718     5.0000041556063     3.0016353266196e-10      2.8308830443081e-10      
20    4.999993165189      5.0000041556063     4.6714641027078e-11      4.0129830048266e-11      
21    4.9999984103976     5.0000041556063     2.5268356345653e-12      1.1872332823633e-12      
22    4.9999984103976     5.000001533002      1.0670930483872e-12      2.3500950094903e-12      
23    4.9999997216998     5.000001533002      7.745099921689e-14       4.9150803223351e-14      
24    4.9999997216998     5.0000008773509     1.4239368821939e-13      7.6974457121827e-13      
25    4.9999997216998     5.0000005495253     2.4527595931051e-15      3.0197810309578e-13      
call to function: 52


iter  a_i                 b_i                 f1                       f2                       
----------------------------------------------------------------------------------------
0     -2                  9.000000025         15.9999998               16.0000002               
1     3.4999999875        9.000000025         2.2500000375             2.2499998875             
2     3.4999999875        6.25000003125       1.562499953125           1.562500078125           
3     4.874999984375      6.25000003125       0.01562500390625         0.015624991406251        
4     4.874999984375      5.5625000328125     0.31640623066406         0.31640628691406         
5     4.874999984375      5.2187500335938     0.047851555322266        0.047851577197267        
6     4.874999984375      5.0468750339844     0.0021972641235355       0.0021972688110364       
7     4.9609374841797     5.0468750339844     0.0015258801422121       0.001525876235963        
8     4.9609374841797     5.003906284082      1.5258664703626e-05      1.5259055329539e-05      
9     4.9824218591309     5.003906284082      0.00030899103641535      0.00030898927860375      
10    4.9931640466064     5.003906284082      4.6730258798855e-05      4.6729575206008e-05      
11    4.9985351403442     5.003906284082      2.1458138110793e-06      2.145667327612e-06       
12    4.9985351403442     5.0012207372131     1.4900772723098e-06      1.4901993435326e-06      
13    4.9998779137787     5.0012207372131     1.4905045434687e-08      1.4892839312413e-08      
14    4.9998779137787     5.0005493504959     3.0173103480729e-07      3.0178596735752e-07      
15    4.9998779137787     5.0002136571373     4.5628009104746e-08      4.5649372318726e-08      
16    4.9998779137787     5.000045810458      2.0940195156158e-09      2.0985980614685e-09      
17    4.9999618371183     5.000045810458      1.4564055366738e-09      1.4525917484632e-09      
18    4.9999618371183     5.0000038487882     1.4430791528696e-11      1.4813170349775e-11      
19    4.9999828179533     5.0000038487882     2.952227304218e-10       2.9350702572707e-10      
20    4.9999933083707     5.0000038487882     4.4777902563863e-11      4.4111239627034e-11      
21    4.9999985535794     5.0000038487882     2.092132442148e-12       1.9499903843171e-12      
22    4.9999985535794     5.0000012261838     1.3834083358749e-12      1.5035267174988e-12      
23    4.9999998648816     5.0000012261838     1.82569767447e-14        7.2451385968e-15         
24    4.9999998648816     5.0000005705327     2.7095430245962e-13      3.2550757415321e-13      
25    4.9999998648816     5.0000002427072     3.7136051400778e-14      5.8906768173625e-14      
26    4.9999998648816     5.0000000787944     8.2911704796857e-16      6.2085564048509e-15      
27    4.999999946838      5.0000000787944     2.8261975973522e-15      9.9982018432067e-18      
28    4.999999946838      5.0000000378162     1.4844499791482e-16      1.4300649786015e-15      
call to function: 58


