iter  |x1            |x2            |f1                 |f2                 |a_i           |b_i           |b_i - a_i          |(b_prev - a_prev)/(b - a)
--------------------------------------------------------------------------------------------------------------------------------------------------------
1     |3.193495505   |6.403252248   |3.26345849         |1.96911687         |-2            |20            |22                 |1.618033989   
2     |6.403252248   |8.38699101    |1.96911687         |11.4717081         |-2            |11.59674775   |13.59674775        |1.618033989   
3     |5.177234267   |6.403252248   |0.03141198557      |1.96911687         |3.193495505   |11.59674775   |8.403252248        |1.618033989   
4     |4.419513485   |5.177234267   |0.3369645941       |0.03141198557      |3.193495505   |8.38699101    |5.193495505        |1.618033989   
5     |5.177234267   |5.645531465   |0.03141198557      |0.4167108723       |3.193495505   |6.403252248   |3.209756743        |1.618033989   
6     |4.887810683   |5.177234267   |0.01258644295      |0.03141198557      |4.419513485   |6.403252248   |1.983738762        |1.618033989   
7     |4.70893707    |4.887810683   |0.08471762926      |0.01258644295      |4.419513485   |5.645531465   |1.22601798         |1.618033989   
8     |4.887810683   |4.998360655   |0.01258644295      |2.687452499e-06    |4.419513485   |5.177234267   |0.7577207825       |1.618033989   
9     |4.998360655   |5.066684295   |2.687452499e-06    |0.004446795225     |4.70893707    |5.177234267   |0.4682971975       |1.618033989   
10    |4.956134323   |4.998360655   |0.001924197628     |2.687452499e-06    |4.887810683   |5.177234267   |0.2894235849       |1.618033989   
11    |4.998360655   |5.024457963   |2.687452499e-06    |0.0005981919653    |4.887810683   |5.066684295   |0.1788736126       |1.618033989   
12    |4.982231631   |4.998360655   |0.0003157149274    |2.687452499e-06    |4.956134323   |5.066684295   |0.1105499723       |1.618033989   
call to function: 14


iter  |x1            |x2            |f1                 |f2                 |a_i           |b_i           |b_i - a_i          |(b_prev - a_prev)/(b - a)
--------------------------------------------------------------------------------------------------------------------------------------------------------
1     |3.193495505   |6.403252248   |3.26345849         |1.96911687         |-2            |20            |22                 |1.618033989   
2     |6.403252248   |8.38699101    |1.96911687         |11.4717081         |-2            |11.59674775   |13.59674775        |1.618033989   
3     |5.177234267   |6.403252248   |0.03141198557      |1.96911687         |3.193495505   |11.59674775   |8.403252248        |1.618033989   
4     |4.419513485   |5.177234267   |0.3369645941       |0.03141198557      |3.193495505   |8.38699101    |5.193495505        |1.618033989   
5     |5.177234267   |5.645531465   |0.03141198557      |0.4167108723       |3.193495505   |6.403252248   |3.209756743        |1.618033989   
6     |4.887810683   |5.177234267   |0.01258644295      |0.03141198557      |4.419513485   |6.403252248   |1.983738762        |1.618033989   
7     |4.70893707    |4.887810683   |0.08471762926      |0.01258644295      |4.419513485   |5.645531465   |1.22601798         |1.618033989   
8     |4.887810683   |4.998360655   |0.01258644295      |2.687452499e-06    |4.419513485   |5.177234267   |0.7577207825       |1.618033989   
9     |4.998360655   |5.066684295   |2.687452499e-06    |0.004446795225     |4.70893707    |5.177234267   |0.4682971975       |1.618033989   
10    |4.956134323   |4.998360655   |0.001924197628     |2.687452499e-06    |4.887810683   |5.177234267   |0.2894235849       |1.618033989   
11    |4.998360655   |5.024457963   |2.687452499e-06    |0.0005981919653    |4.887810683   |5.066684295   |0.1788736126       |1.618033989   
12    |4.982231631   |4.998360655   |0.0003157149274    |2.687452499e-06    |4.956134323   |5.066684295   |0.1105499723       |1.618033989   
13    |4.998360655   |5.00832894    |2.687452499e-06    |6.937123552e-05    |4.956134323   |5.024457963   |0.06832364033      |1.618033989   
14    |4.992199916   |4.998360655   |6.084130961e-05    |2.687452499e-06    |4.982231631   |5.024457963   |0.04222633196      |1.618033989   
15    |4.998360655   |5.002168201   |2.687452499e-06    |4.701094858e-06    |4.982231631   |5.00832894    |0.02609730837      |1.618033989   
16    |4.996007462   |4.998360655   |1.594035945e-05    |2.687452499e-06    |4.992199916   |5.00832894    |0.01612902359      |1.618033989   
call to function: 18


iter  |x1            |x2            |f1                 |f2                 |a_i           |b_i           |b_i - a_i          |(b_prev - a_prev)/(b - a)
--------------------------------------------------------------------------------------------------------------------------------------------------------
1     |3.193495505   |6.403252248   |3.26345849         |1.96911687         |-2            |20            |22                 |1.618033989   
2     |6.403252248   |8.38699101    |1.96911687         |11.4717081         |-2            |11.59674775   |13.59674775        |1.618033989   
3     |5.177234267   |6.403252248   |0.03141198557      |1.96911687         |3.193495505   |11.59674775   |8.403252248        |1.618033989   
4     |4.419513485   |5.177234267   |0.3369645941       |0.03141198557      |3.193495505   |8.38699101    |5.193495505        |1.618033989   
5     |5.177234267   |5.645531465   |0.03141198557      |0.4167108723       |3.193495505   |6.403252248   |3.209756743        |1.618033989   
6     |4.887810683   |5.177234267   |0.01258644295      |0.03141198557      |4.419513485   |6.403252248   |1.983738762        |1.618033989   
7     |4.70893707    |4.887810683   |0.08471762926      |0.01258644295      |4.419513485   |5.645531465   |1.22601798         |1.618033989   
8     |4.887810683   |4.998360655   |0.01258644295      |2.687452499e-06    |4.419513485   |5.177234267   |0.7577207825       |1.618033989   
9     |4.998360655   |5.066684295   |2.687452499e-06    |0.004446795225     |4.70893707    |5.177234267   |0.4682971975       |1.618033989   
10    |4.956134323   |4.998360655   |0.001924197628     |2.687452499e-06    |4.887810683   |5.177234267   |0.2894235849       |1.618033989   
11    |4.998360655   |5.024457963   |2.687452499e-06    |0.0005981919653    |4.887810683   |5.066684295   |0.1788736126       |1.618033989   
12    |4.982231631   |4.998360655   |0.0003157149274    |2.687452499e-06    |4.956134323   |5.066684295   |0.1105499723       |1.618033989   
13    |4.998360655   |5.00832894    |2.687452499e-06    |6.937123552e-05    |4.956134323   |5.024457963   |0.06832364033      |1.618033989   
14    |4.992199916   |4.998360655   |6.084130961e-05    |2.687452499e-06    |4.982231631   |5.024457963   |0.04222633196      |1.618033989   
15    |4.998360655   |5.002168201   |2.687452499e-06    |4.701094858e-06    |4.982231631   |5.00832894    |0.02609730837      |1.618033989   
16    |4.996007462   |4.998360655   |1.594035945e-05    |2.687452499e-06    |4.992199916   |5.00832894    |0.01612902359      |1.618033989   
17    |4.998360655   |4.999815008   |2.687452499e-06    |3.422203773e-08    |4.992199916   |5.002168201   |0.009968284783     |1.618033989   
18    |4.999815008   |5.000713848   |3.422203773e-08    |5.095785167e-07    |4.996007462   |5.002168201   |0.006160738806     |1.618033989   
19    |4.999259495   |4.999815008   |5.483483441e-07    |3.422203773e-08    |4.998360655   |5.002168201   |0.003807545978     |1.618033989   
20    |4.999815008   |5.000158334   |3.422203773e-08    |2.506972299e-08    |4.998360655   |5.000713848   |0.002353192828     |1.618033989   
21    |5.000158334   |5.000370521   |2.506972299e-08    |1.372861656e-07    |4.999259495   |5.000713848   |0.00145435315      |1.618033989   
call to function: 23


iter  |x1            |x2            |f1                 |f2                 |a_i           |b_i           |b_i - a_i          |(b_prev - a_prev)/(b - a)
--------------------------------------------------------------------------------------------------------------------------------------------------------
1     |3.193495505   |6.403252248   |3.26345849         |1.96911687         |-2            |20            |22                 |1.618033989   
2     |6.403252248   |8.38699101    |1.96911687         |11.4717081         |-2            |11.59674775   |13.59674775        |1.618033989   
3     |5.177234267   |6.403252248   |0.03141198557      |1.96911687         |3.193495505   |11.59674775   |8.403252248        |1.618033989   
4     |4.419513485   |5.177234267   |0.3369645941       |0.03141198557      |3.193495505   |8.38699101    |5.193495505        |1.618033989   
5     |5.177234267   |5.645531465   |0.03141198557      |0.4167108723       |3.193495505   |6.403252248   |3.209756743        |1.618033989   
6     |4.887810683   |5.177234267   |0.01258644295      |0.03141198557      |4.419513485   |6.403252248   |1.983738762        |1.618033989   
7     |4.70893707    |4.887810683   |0.08471762926      |0.01258644295      |4.419513485   |5.645531465   |1.22601798         |1.618033989   
8     |4.887810683   |4.998360655   |0.01258644295      |2.687452499e-06    |4.419513485   |5.177234267   |0.7577207825       |1.618033989   
9     |4.998360655   |5.066684295   |2.687452499e-06    |0.004446795225     |4.70893707    |5.177234267   |0.4682971975       |1.618033989   
10    |4.956134323   |4.998360655   |0.001924197628     |2.687452499e-06    |4.887810683   |5.177234267   |0.2894235849       |1.618033989   
11    |4.998360655   |5.024457963   |2.687452499e-06    |0.0005981919653    |4.887810683   |5.066684295   |0.1788736126       |1.618033989   
12    |4.982231631   |4.998360655   |0.0003157149274    |2.687452499e-06    |4.956134323   |5.066684295   |0.1105499723       |1.618033989   
13    |4.998360655   |5.00832894    |2.687452499e-06    |6.937123552e-05    |4.956134323   |5.024457963   |0.06832364033      |1.618033989   
14    |4.992199916   |4.998360655   |6.084130961e-05    |2.687452499e-06    |4.982231631   |5.024457963   |0.04222633196      |1.618033989   
15    |4.998360655   |5.002168201   |2.687452499e-06    |4.701094858e-06    |4.982231631   |5.00832894    |0.02609730837      |1.618033989   
16    |4.996007462   |4.998360655   |1.594035945e-05    |2.687452499e-06    |4.992199916   |5.00832894    |0.01612902359      |1.618033989   
17    |4.998360655   |4.999815008   |2.687452499e-06    |3.422203773e-08    |4.992199916   |5.002168201   |0.009968284783     |1.618033989   
18    |4.999815008   |5.000713848   |3.422203773e-08    |5.095785167e-07    |4.996007462   |5.002168201   |0.006160738806     |1.618033989   
19    |4.999259495   |4.999815008   |5.483483441e-07    |3.422203773e-08    |4.998360655   |5.002168201   |0.003807545978     |1.618033989   
20    |4.999815008   |5.000158334   |3.422203773e-08    |2.506972299e-08    |4.998360655   |5.000713848   |0.002353192828     |1.618033989   
21    |5.000158334   |5.000370521   |2.506972299e-08    |1.372861656e-07    |4.999259495   |5.000713848   |0.00145435315      |1.618033989   
22    |5.000027195   |5.000158334   |7.395827778e-10    |2.506972299e-08    |4.999815008   |5.000713848   |0.0008988396782    |1.618033989   
23    |4.999946147   |5.000027195   |2.900151208e-09    |7.395827778e-10    |4.999815008   |5.000370521   |0.0005555134716    |1.618033989   
24    |5.000027195   |5.000077286   |7.395827778e-10    |5.97310875e-09     |4.999815008   |5.000158334   |0.0003433262066    |1.618033989   
25    |4.999996238   |5.000027195   |1.415590584e-11    |7.395827778e-10    |4.999946147   |5.000158334   |0.0002121872649    |1.618033989   
26    |4.999977105   |4.999996238   |5.241969254e-10    |1.415590584e-11    |4.999946147   |5.000077286   |0.0001311389417    |1.618033989   
call to function: 28


iter  |x1            |x2            |f1                 |f2                 |a_i           |b_i           |b_i - a_i          |(b_prev - a_prev)/(b - a)
--------------------------------------------------------------------------------------------------------------------------------------------------------
1     |3.193495505   |6.403252248   |3.26345849         |1.96911687         |-2            |20            |22                 |1.618033989   
2     |6.403252248   |8.38699101    |1.96911687         |11.4717081         |-2            |11.59674775   |13.59674775        |1.618033989   
3     |5.177234267   |6.403252248   |0.03141198557      |1.96911687         |3.193495505   |11.59674775   |8.403252248        |1.618033989   
4     |4.419513485   |5.177234267   |0.3369645941       |0.03141198557      |3.193495505   |8.38699101    |5.193495505        |1.618033989   
5     |5.177234267   |5.645531465   |0.03141198557      |0.4167108723       |3.193495505   |6.403252248   |3.209756743        |1.618033989   
6     |4.887810683   |5.177234267   |0.01258644295      |0.03141198557      |4.419513485   |6.403252248   |1.983738762        |1.618033989   
7     |4.70893707    |4.887810683   |0.08471762926      |0.01258644295      |4.419513485   |5.645531465   |1.22601798         |1.618033989   
8     |4.887810683   |4.998360655   |0.01258644295      |2.687452499e-06    |4.419513485   |5.177234267   |0.7577207825       |1.618033989   
9     |4.998360655   |5.066684295   |2.687452499e-06    |0.004446795225     |4.70893707    |5.177234267   |0.4682971975       |1.618033989   
10    |4.956134323   |4.998360655   |0.001924197628     |2.687452499e-06    |4.887810683   |5.177234267   |0.2894235849       |1.618033989   
11    |4.998360655   |5.024457963   |2.687452499e-06    |0.0005981919653    |4.887810683   |5.066684295   |0.1788736126       |1.618033989   
12    |4.982231631   |4.998360655   |0.0003157149274    |2.687452499e-06    |4.956134323   |5.066684295   |0.1105499723       |1.618033989   
13    |4.998360655   |5.00832894    |2.687452499e-06    |6.937123552e-05    |4.956134323   |5.024457963   |0.06832364033      |1.618033989   
14    |4.992199916   |4.998360655   |6.084130961e-05    |2.687452499e-06    |4.982231631   |5.024457963   |0.04222633196      |1.618033989   
15    |4.998360655   |5.002168201   |2.687452499e-06    |4.701094858e-06    |4.982231631   |5.00832894    |0.02609730837      |1.618033989   
16    |4.996007462   |4.998360655   |1.594035945e-05    |2.687452499e-06    |4.992199916   |5.00832894    |0.01612902359      |1.618033989   
17    |4.998360655   |4.999815008   |2.687452499e-06    |3.422203773e-08    |4.992199916   |5.002168201   |0.009968284783     |1.618033989   
18    |4.999815008   |5.000713848   |3.422203773e-08    |5.095785167e-07    |4.996007462   |5.002168201   |0.006160738806     |1.618033989   
19    |4.999259495   |4.999815008   |5.483483441e-07    |3.422203773e-08    |4.998360655   |5.002168201   |0.003807545978     |1.618033989   
20    |4.999815008   |5.000158334   |3.422203773e-08    |2.506972299e-08    |4.998360655   |5.000713848   |0.002353192828     |1.618033989   
21    |5.000158334   |5.000370521   |2.506972299e-08    |1.372861656e-07    |4.999259495   |5.000713848   |0.00145435315      |1.618033989   
22    |5.000027195   |5.000158334   |7.395827778e-10    |2.506972299e-08    |4.999815008   |5.000713848   |0.0008988396782    |1.618033989   
23    |4.999946147   |5.000027195   |2.900151208e-09    |7.395827778e-10    |4.999815008   |5.000370521   |0.0005555134716    |1.618033989   
24    |5.000027195   |5.000077286   |7.395827778e-10    |5.97310875e-09     |4.999815008   |5.000158334   |0.0003433262066    |1.618033989   
25    |4.999996238   |5.000027195   |1.415590584e-11    |7.395827778e-10    |4.999946147   |5.000158334   |0.0002121872649    |1.618033989   
26    |4.999977105   |4.999996238   |5.241969254e-10    |1.415590584e-11    |4.999946147   |5.000077286   |0.0001311389417    |1.618033989   
27    |4.999996238   |5.000008062   |1.415590584e-11    |6.50016084e-11     |4.999946147   |5.000027195   |8.104832322e-05    |1.618033989   
28    |4.999988929   |4.999996238   |1.225572156e-10    |1.415590584e-11    |4.999977105   |5.000027195   |5.009061848e-05    |1.618033989   
29    |4.999996238   |5.000000754   |1.415590584e-11    |5.688700584e-13    |4.999977105   |5.000008062   |3.095770474e-05    |1.618033989   
30    |5.000000754   |5.000003546   |5.688700584e-13    |1.257191222e-11    |4.999988929   |5.000008062   |1.913291374e-05    |1.618033989   
31    |4.999999029   |5.000000754   |9.428002277e-13    |5.688700584e-13    |4.999996238   |5.000008062   |1.1824791e-05      |1.618033989   
call to function: 33


iter  |x1            |x2            |f1                 |f2                 |a_i           |b_i           |b_i - a_i          |(b_prev - a_prev)/(b - a)
--------------------------------------------------------------------------------------------------------------------------------------------------------
1     |3.193495505   |6.403252248   |3.26345849         |1.96911687         |-2            |20            |22                 |1.618033989   
2     |6.403252248   |8.38699101    |1.96911687         |11.4717081         |-2            |11.59674775   |13.59674775        |1.618033989   
3     |5.177234267   |6.403252248   |0.03141198557      |1.96911687         |3.193495505   |11.59674775   |8.403252248        |1.618033989   
4     |4.419513485   |5.177234267   |0.3369645941       |0.03141198557      |3.193495505   |8.38699101    |5.193495505        |1.618033989   
5     |5.177234267   |5.645531465   |0.03141198557      |0.4167108723       |3.193495505   |6.403252248   |3.209756743        |1.618033989   
6     |4.887810683   |5.177234267   |0.01258644295      |0.03141198557      |4.419513485   |6.403252248   |1.983738762        |1.618033989   
7     |4.70893707    |4.887810683   |0.08471762926      |0.01258644295      |4.419513485   |5.645531465   |1.22601798         |1.618033989   
8     |4.887810683   |4.998360655   |0.01258644295      |2.687452499e-06    |4.419513485   |5.177234267   |0.7577207825       |1.618033989   
9     |4.998360655   |5.066684295   |2.687452499e-06    |0.004446795225     |4.70893707    |5.177234267   |0.4682971975       |1.618033989   
10    |4.956134323   |4.998360655   |0.001924197628     |2.687452499e-06    |4.887810683   |5.177234267   |0.2894235849       |1.618033989   
11    |4.998360655   |5.024457963   |2.687452499e-06    |0.0005981919653    |4.887810683   |5.066684295   |0.1788736126       |1.618033989   
12    |4.982231631   |4.998360655   |0.0003157149274    |2.687452499e-06    |4.956134323   |5.066684295   |0.1105499723       |1.618033989   
13    |4.998360655   |5.00832894    |2.687452499e-06    |6.937123552e-05    |4.956134323   |5.024457963   |0.06832364033      |1.618033989   
14    |4.992199916   |4.998360655   |6.084130961e-05    |2.687452499e-06    |4.982231631   |5.024457963   |0.04222633196      |1.618033989   
15    |4.998360655   |5.002168201   |2.687452499e-06    |4.701094858e-06    |4.982231631   |5.00832894    |0.02609730837      |1.618033989   
16    |4.996007462   |4.998360655   |1.594035945e-05    |2.687452499e-06    |4.992199916   |5.00832894    |0.01612902359      |1.618033989   
17    |4.998360655   |4.999815008   |2.687452499e-06    |3.422203773e-08    |4.992199916   |5.002168201   |0.009968284783     |1.618033989   
18    |4.999815008   |5.000713848   |3.422203773e-08    |5.095785167e-07    |4.996007462   |5.002168201   |0.006160738806     |1.618033989   
19    |4.999259495   |4.999815008   |5.483483441e-07    |3.422203773e-08    |4.998360655   |5.002168201   |0.003807545978     |1.618033989   
20    |4.999815008   |5.000158334   |3.422203773e-08    |2.506972299e-08    |4.998360655   |5.000713848   |0.002353192828     |1.618033989   
21    |5.000158334   |5.000370521   |2.506972299e-08    |1.372861656e-07    |4.999259495   |5.000713848   |0.00145435315      |1.618033989   
22    |5.000027195   |5.000158334   |7.395827778e-10    |2.506972299e-08    |4.999815008   |5.000713848   |0.0008988396782    |1.618033989   
23    |4.999946147   |5.000027195   |2.900151208e-09    |7.395827778e-10    |4.999815008   |5.000370521   |0.0005555134716    |1.618033989   
24    |5.000027195   |5.000077286   |7.395827778e-10    |5.97310875e-09     |4.999815008   |5.000158334   |0.0003433262066    |1.618033989   
25    |4.999996238   |5.000027195   |1.415590584e-11    |7.395827778e-10    |4.999946147   |5.000158334   |0.0002121872649    |1.618033989   
26    |4.999977105   |4.999996238   |5.241969254e-10    |1.415590584e-11    |4.999946147   |5.000077286   |0.0001311389417    |1.618033989   
27    |4.999996238   |5.000008062   |1.415590584e-11    |6.50016084e-11     |4.999946147   |5.000027195   |8.104832322e-05    |1.618033989   
28    |4.999988929   |4.999996238   |1.225572156e-10    |1.415590584e-11    |4.999977105   |5.000027195   |5.009061848e-05    |1.618033989   
29    |4.999996238   |5.000000754   |1.415590584e-11    |5.688700584e-13    |4.999977105   |5.000008062   |3.095770474e-05    |1.618033989   
30    |5.000000754   |5.000003546   |5.688700584e-13    |1.257191222e-11    |4.999988929   |5.000008062   |1.913291374e-05    |1.618033989   
31    |4.999999029   |5.000000754   |9.428002277e-13    |5.688700584e-13    |4.999996238   |5.000008062   |1.1824791e-05      |1.618033989   
32    |5.000000754   |5.00000182    |5.688700584e-13    |3.314131008e-12    |4.999996238   |5.000003546   |7.308122745e-06    |1.618033989   
33    |5.000000095   |5.000000754   |9.074797891e-15    |5.688700584e-13    |4.999999029   |5.000003546   |4.51666825e-06     |1.618033989   
34    |4.999999688   |5.000000095   |9.734773665e-14    |9.074797891e-15    |4.999999029   |5.00000182    |2.791454494e-06    |1.618033989   
35    |5.000000095   |5.000000347   |9.074797891e-15    |1.203861188e-13    |4.999999029   |5.000000754   |1.725213755e-06    |1.618033989   
36    |4.99999994    |5.000000095   |3.636173616e-15    |9.074797891e-15    |4.999999688   |5.000000754   |1.066240738e-06    |1.618033989   
call to function: 38


iter  |x1            |x2            |f1                 |f2                 |a_i           |b_i           |b_i - a_i          |(b_prev - a_prev)/(b - a)
--------------------------------------------------------------------------------------------------------------------------------------------------------
1     |3.193495505   |6.403252248   |3.26345849         |1.96911687         |-2            |20            |22                 |1.618033989   
2     |6.403252248   |8.38699101    |1.96911687         |11.4717081         |-2            |11.59674775   |13.59674775        |1.618033989   
3     |5.177234267   |6.403252248   |0.03141198557      |1.96911687         |3.193495505   |11.59674775   |8.403252248        |1.618033989   
4     |4.419513485   |5.177234267   |0.3369645941       |0.03141198557      |3.193495505   |8.38699101    |5.193495505        |1.618033989   
5     |5.177234267   |5.645531465   |0.03141198557      |0.4167108723       |3.193495505   |6.403252248   |3.209756743        |1.618033989   
6     |4.887810683   |5.177234267   |0.01258644295      |0.03141198557      |4.419513485   |6.403252248   |1.983738762        |1.618033989   
7     |4.70893707    |4.887810683   |0.08471762926      |0.01258644295      |4.419513485   |5.645531465   |1.22601798         |1.618033989   
8     |4.887810683   |4.998360655   |0.01258644295      |2.687452499e-06    |4.419513485   |5.177234267   |0.7577207825       |1.618033989   
9     |4.998360655   |5.066684295   |2.687452499e-06    |0.004446795225     |4.70893707    |5.177234267   |0.4682971975       |1.618033989   
10    |4.956134323   |4.998360655   |0.001924197628     |2.687452499e-06    |4.887810683   |5.177234267   |0.2894235849       |1.618033989   
11    |4.998360655   |5.024457963   |2.687452499e-06    |0.0005981919653    |4.887810683   |5.066684295   |0.1788736126       |1.618033989   
12    |4.982231631   |4.998360655   |0.0003157149274    |2.687452499e-06    |4.956134323   |5.066684295   |0.1105499723       |1.618033989   
13    |4.998360655   |5.00832894    |2.687452499e-06    |6.937123552e-05    |4.956134323   |5.024457963   |0.06832364033      |1.618033989   
14    |4.992199916   |4.998360655   |6.084130961e-05    |2.687452499e-06    |4.982231631   |5.024457963   |0.04222633196      |1.618033989   
15    |4.998360655   |5.002168201   |2.687452499e-06    |4.701094858e-06    |4.982231631   |5.00832894    |0.02609730837      |1.618033989   
16    |4.996007462   |4.998360655   |1.594035945e-05    |2.687452499e-06    |4.992199916   |5.00832894    |0.01612902359      |1.618033989   
17    |4.998360655   |4.999815008   |2.687452499e-06    |3.422203773e-08    |4.992199916   |5.002168201   |0.009968284783     |1.618033989   
18    |4.999815008   |5.000713848   |3.422203773e-08    |5.095785167e-07    |4.996007462   |5.002168201   |0.006160738806     |1.618033989   
19    |4.999259495   |4.999815008   |5.483483441e-07    |3.422203773e-08    |4.998360655   |5.002168201   |0.003807545978     |1.618033989   
20    |4.999815008   |5.000158334   |3.422203773e-08    |2.506972299e-08    |4.998360655   |5.000713848   |0.002353192828     |1.618033989   
21    |5.000158334   |5.000370521   |2.506972299e-08    |1.372861656e-07    |4.999259495   |5.000713848   |0.00145435315      |1.618033989   
22    |5.000027195   |5.000158334   |7.395827778e-10    |2.506972299e-08    |4.999815008   |5.000713848   |0.0008988396782    |1.618033989   
23    |4.999946147   |5.000027195   |2.900151208e-09    |7.395827778e-10    |4.999815008   |5.000370521   |0.0005555134716    |1.618033989   
24    |5.000027195   |5.000077286   |7.395827778e-10    |5.97310875e-09     |4.999815008   |5.000158334   |0.0003433262066    |1.618033989   
25    |4.999996238   |5.000027195   |1.415590584e-11    |7.395827778e-10    |4.999946147   |5.000158334   |0.0002121872649    |1.618033989   
26    |4.999977105   |4.999996238   |5.241969254e-10    |1.415590584e-11    |4.999946147   |5.000077286   |0.0001311389417    |1.618033989   
27    |4.999996238   |5.000008062   |1.415590584e-11    |6.50016084e-11     |4.999946147   |5.000027195   |8.104832322e-05    |1.618033989   
28    |4.999988929   |4.999996238   |1.225572156e-10    |1.415590584e-11    |4.999977105   |5.000027195   |5.009061848e-05    |1.618033989   
29    |4.999996238   |5.000000754   |1.415590584e-11    |5.688700584e-13    |4.999977105   |5.000008062   |3.095770474e-05    |1.618033989   
30    |5.000000754   |5.000003546   |5.688700584e-13    |1.257191222e-11    |4.999988929   |5.000008062   |1.913291374e-05    |1.618033989   
31    |4.999999029   |5.000000754   |9.428002277e-13    |5.688700584e-13    |4.999996238   |5.000008062   |1.1824791e-05      |1.618033989   
32    |5.000000754   |5.00000182    |5.688700584e-13    |3.314131008e-12    |4.999996238   |5.000003546   |7.308122745e-06    |1.618033989   
33    |5.000000095   |5.000000754   |9.074797891e-15    |5.688700584e-13    |4.999999029   |5.000003546   |4.51666825e-06     |1.618033989   
34    |4.999999688   |5.000000095   |9.734773665e-14    |9.074797891e-15    |4.999999029   |5.00000182    |2.791454494e-06    |1.618033989   
35    |5.000000095   |5.000000347   |9.074797891e-15    |1.203861188e-13    |4.999999029   |5.000000754   |1.725213755e-06    |1.618033989   
36    |4.99999994    |5.000000095   |3.636173616e-15    |9.074797891e-15    |4.999999688   |5.000000754   |1.066240738e-06    |1.618033989   
37    |4.999999844   |4.99999994    |2.447458785e-14    |3.636173616e-15    |4.999999688   |5.000000347   |6.589730166e-07    |1.618033989   
38    |4.99999994    |4.999999999   |3.636173616e-15    |7.763976135e-19    |4.999999688   |5.000000095   |4.072677218e-07    |1.618033987   
39    |4.999999999   |5.000000036   |7.763976135e-19    |1.284661414e-15    |4.999999844   |5.000000095   |2.517052948e-07    |1.618033993   
40    |4.999999976   |4.999999999   |5.558931431e-16    |7.763976135e-19    |4.99999994    |5.000000095   |1.555624269e-07    |1.618033992   
call to function: 42


